k=2: 0.8818897637795275,0.04716399506781751
k=3: 0.8818897637795275,0.04634196465269215
k=560: 0.8818897637795275,0.04603370324702014
k=561: 0,0
