k=2: 0.9021739130434783,0.03731746890210925
k=3: 0.8913043478260869,0.03596538669551109
k=212: 0.8804347826086957,0.03542455381287182
k=213: 0,0
