k=2: 0.8333333333333334,0.026134800550206328
k=3: 0.8095238095238095,0.02200825309491059
k=47: 0.7857142857142857,0.01925722145804677
k=48: 0,0
