k=2: 0.84251968503937,0.022589238145977623
k=313: 0.84251968503937,0.021949920085242408
k=314: 0,0
