k=2: 0.8990825688073395,0.039016115351993216
k=3: 0.8990825688073395,0.03799830364715861
k=319: 0.8899082568807339,0.037659033078880404
k=320: 0,0
