k=2: 0.8767123287671232,0.04714640198511166
k=3: 0.8356164383561644,0.04404466501240695
k=129: 0.821917808219178,0.042803970223325064
k=130: 0,0
