k=2: 0.889763779527559,0.03894369091656391
k=490: 0.889763779527559,0.03873818331278257
k=491: 0,0
