k=3: 0.6904761904761905,0.011004126547455296
k=5: 0.6666666666666666,0.008253094910591471
k=29: 0.5714285714285714,0.0068775790921595595
k=30: 0,0
