k=3: 0.8031496062992126,0.0198314837648993
k=292: 0.7952755905511811,0.019625976161117963
k=293: 0,0
