k=2: 0.7522935779816514,0.01272264631043257
k=155: 0.7431192660550459,0.012553011026293468
k=156: 0,0
