k=2: 0.5354330708661418,0.006925945657964837
k=3: 0.5118110236220472,0.00660628662759723
k=124: 0.5039370078740157,0.006393180607352157
k=125: 0,0
