k=2: 0.75,0.014061654948620876
k=3: 0.7282608695652174,0.012979989183342347
k=106: 0.7065217391304348,0.011087074094104922
k=107: 0,0
