k=2: 0.905511811023622,0.055384299219071106
k=652: 0.905511811023622,0.05517879161528977
k=653: 0,0
