k=2: 0.8586956521739131,0.022174148188209845
k=3: 0.8152173913043478,0.02055164954029205
k=145: 0.8043478260869565,0.01919956733369389
k=146: 0,0
