k=2: 0.5434782608695652,0.004326663061114116
k=60: 0.5,0.0037858301784748512
k=61: 0,0
