k=2: 0.3543307086614173,0.0031965903036760787
k=69: 0.33070866141732286,0.002876931273308471
k=70: 0,0
