k=2: 0.6299212598425197,0.011405672009864365
k=3: 0.6141732283464567,0.011405672009864365
k=186: 0.5984251968503937,0.011302918207973694
k=187: 0,0
