k=2: 0.726027397260274,0.01240694789081886
k=3: 0.7123287671232876,0.011786600496277916
k=68: 0.7123287671232876,0.009925558312655087
k=69: 0,0
