k=2: 0.5137614678899083,0.004749787955894826
k=78: 0.45871559633027525,0.004749787955894826
k=79: 0,0
