k=666: 0.905511811023622,0.05661734484175915
k=667: 0,0
