k=672: 0.905511811023622,0.05723386765310316
k=673: 0,0
