k=2: 0.6847826086956522,0.008653326122228232
k=3: 0.6739130434782609,0.0083829096809086
k=90: 0.6739130434782609,0.0075716603569497025
k=91: 0,0
