k=3: 0.7716535433070866,0.017057131113851213
k=261: 0.7637795275590551,0.01685162351006987
k=262: 0,0
