k=2: 0.49606299212598426,0.005327650506126798
k=107: 0.47244094488188976,0.0050079914757591906
k=108: 0,0
