k=123: 0.6972477064220184,0.007972858354537744
k=124: 0,0
