k=3: 0.7380952380952381,0.012379642365887207
k=6: 0.7142857142857143,0.009628610729023384
k=31: 0.5952380952380952,0.008253094910591471
k=32: 0,0
