k=339: 0.8346456692913385,0.0239416358405261
k=340: 0,0
