k=2: 0.6299212598425197,0.009802876931273309
k=3: 0.6062992125984252,0.009483217900905701
k=163: 0.5984251968503937,0.009270111880660629
k=164: 0,0
