k=2: 0.8073394495412844,0.018829516539440202
k=3: 0.7981651376146789,0.018659881255301103
k=194: 0.7889908256880734,0.0183206106870229
k=195: 0,0
