k=285: 0.9239130434782609,0.05408328826392644
k=286: 0,0
