k=592: 0.8976377952755905,0.04911631730374024
k=593: 0,0
