k=410: 0.908256880733945,0.05275657336726039
k=411: 0,0
