k=2: 0.9041095890410958,0.06451612903225806
k=5: 0.8767123287671232,0.062034739454094295
k=159: 0.8493150684931506,0.06017369727047146
k=160: 0,0
