k=2: 0.8661417322834646,0.03857218966435802
k=466: 0.8661417322834646,0.037932871603622804
k=467: 0,0
