k=2: 0.8571428571428571,0.04401650618982118
k=5: 0.8333333333333334,0.04264099037138927
k=61: 0.7857142857142857,0.03851444291609354
k=62: 0,0
