k=654: 0.905511811023622,0.055384299219071106
k=655: 0,0
