k=2: 0.6413043478260869,0.007842076798269334
k=84: 0.6304347826086957,0.007030827474310438
k=85: 0,0
