k=2: 0.4645669291338583,0.004688332445391582
k=97: 0.4409448818897638,0.004368673415023974
k=98: 0,0
