k=3: 0.7480314960629921,0.015515824085491164
k=243: 0.7401574803149606,0.015310316481709824
k=244: 0,0
