k=2: 0.7534246575342466,0.017990074441687345
k=4: 0.7397260273972602,0.017369727047146403
k=78: 0.7397260273972602,0.01488833746898263
k=79: 0,0
