k=110: 0.6513761467889908,0.0066157760814249365
k=111: 0,0
