k=2: 0.9239130434782609,0.06517036235803136
k=324: 0.9239130434782609,0.0646295294753921
k=325: 0,0
