k=480: 0.908256880733945,0.06463104325699745
k=481: 0,0
