k=2: 0.9041095890410958,0.07196029776674938
k=5: 0.8904109589041096,0.07133995037220843
k=175: 0.863013698630137,0.06947890818858561
k=176: 0,0
