k=333: 0.9239130434782609,0.0670632774472688
k=334: 0,0
