k=632: 0.8976377952755905,0.05519445924347363
k=633: 0,0
