k=2: 0.8809523809523809,0.06602475928473177
k=5: 0.8333333333333334,0.06052269601100413
k=74: 0.7857142857142857,0.05639614855570839
k=75: 0,0
