k=668: 0.905511811023622,0.05682285244554049
k=669: 0,0
